SIZES
  narena                14680064
  nbuffer               430624
  nplugin               0
  maxuse_stack          10080
  maxuse_arena          46728
  maxuse_con            10
  maxuse_efc            54
  solver_nisland        1
  ncon                  8
  ne                    0
  nf                    12
  nl                    2
  nefc                  44
  nJ                    792
  nisland               0
  threadpool            0

TIMER
    0:  duration =  1.6        number = 9
    1:  duration =  1.6        number = 9
    2:  duration =  0          number = 0
    3:  duration =  1.1        number = 9
    4:  duration =  0.06       number = 9
    5:  duration =  0.015      number = 9
    6:  duration =  0.38       number = 9
    7:  duration =  0.034      number = 9
    8:  duration =  0.12       number = 9
    9:  duration =  0.047      number = 9
    10:  duration =  0.76       number = 9
    11:  duration =  0.15       number = 9
    12:  duration =  0.0014     number = 9
    13:  duration =  0.13       number = 9
    14:  duration =  0.25       number = 9

SOLVER STAT
  solver_nisland = 1
  solver_fwdinv =   0         0       
  ISLAND 0
    solver_niter = 1
    solver_nnz = 324
      0:  improvement = -7.2e-15     gradient =  4.8e-15     lineslope =  4.4e-17 
          nactive = 44   nchange = 0   neval = 2   nupdate = 3

ENERGY =   0         0       

TIME =  13      

QPOS
  -0.23    
   0.00047 
   0.2     
   1       
   0.0039  
  -0.057   
  -0.0018  
  -0.042   
  -0.15    
  -1.3     
   0.035   
  -0.15    
  -1.3     
  -0.00079 
  -0.53    
  -1.4     
  -0.018   
  -0.53    
  -1.4     

QVEL
  -2.6e-05 
   8.5e-05 
  -3.9e-05 
   0.00031 
  -4.2e-05 
   1.5e-05 
  -0.00044 
  -0.00039 
   0.00042 
  -0.00068 
  -0.00022 
   0.00028 
  -7.3e-05 
   9.5e-06 
  -0.0051  
  -0.00094 
   1.8e-05 
  -0.0032  

QACC_WARMSTART
   4.2e-06 
  -1.4e-06 
   2.6e-06 
   2.1e-05 
   6.2e-06 
  -1.1e-05 
  -1.8e-06 
   2.3e-05 
  -2.4e-05 
  -2.2e-06 
   1.4e-05 
  -4.3e-05 
  -7.2e-05 
  -4.5e-05 
   0.00077 
  -2.4e-05 
  -7.9e-06 
   0.00038 

CTRL
   0       
   0       
   0       
   0       
   0       
   0       
   0       
   0       
   0       
   0       
   0       
   0       

QFRC_APPLIED
   0       
   0       
   0       
   0       
   0       
   0       
   0       
   0       
   0       
   0       
   0       
   0       
   0       
   0       
   0       
   0       
   0       
   0       

XFRC_APPLIED
   0         0         0         0         0         0       
   0         0         0         0         0         0       
   0         0         0         0         0         0       
   0         0         0         0         0         0       
   0         0         0         0         0         0       
   0         0         0         0         0         0       
   0         0         0         0         0         0       
   0         0         0         0         0         0       
   0         0         0         0         0         0       
   0         0         0         0         0         0       
   0         0         0         0         0         0       
   0         0         0         0         0         0       
   0         0         0         0         0         0       
   0         0         0         0         0         0       

QACC
   4.2e-06 
  -1.4e-06 
   2.6e-06 
   2.1e-05 
   6.2e-06 
  -1.1e-05 
  -1.8e-06 
   2.3e-05 
  -2.4e-05 
  -2.2e-06 
   1.4e-05 
  -4.3e-05 
  -7.2e-05 
  -4.5e-05 
   0.00077 
  -2.4e-05 
  -7.9e-06 
   0.00038 

XPOS
   0         0         0       
  -0.23      0.00047   0.2     
  -0.04      0.046     0.23    
  -0.04      0.14      0.22    
   0.015     0.13      0.016   
  -0.041    -0.047     0.22    
  -0.041    -0.14      0.22    
   0.016    -0.13      0.015   
  -0.42      0.048     0.18    
  -0.42      0.14      0.18    
  -0.3       0.14      0.011   
  -0.42     -0.045     0.18    
  -0.43     -0.14      0.18    
  -0.3      -0.14      0.011   

XQUAT
   1         0         0         0       
   1         0.0039   -0.057    -0.0018  
   1        -0.017    -0.057    -0.0029  
   0.99     -0.017    -0.13     -0.0017  
   0.71     -0.015    -0.71      0.0092  
   1         0.021    -0.057    -0.00077 
   0.99      0.021    -0.13     -0.0024  
   0.7       0.015    -0.71     -0.015   
   1         0.0035   -0.057    -0.0018  
   0.95      0.003    -0.31     -0.0026  
   0.54      0.00064  -0.84     -0.0039  
   1        -0.0051   -0.057    -0.0023  
   0.95     -0.0055   -0.32     -0.00085 
   0.52     -0.0048   -0.85      0.0029  

XMAT
   1         0         0         0         1         0         0         0         1       
   0.99      0.0031   -0.11     -0.0039    1        -0.0077    0.11      0.0081    0.99    
   0.99      0.0078   -0.11     -0.0039    1         0.034     0.11     -0.034     0.99    
   0.97      0.0078   -0.26      0.0011    1         0.035     0.26     -0.034     0.97    
  -0.0013    0.0078   -1         0.034     1         0.0078    1        -0.034    -0.0015  
   0.99     -0.00086  -0.11     -0.0039    1        -0.042     0.11      0.042     0.99    
   0.96     -0.00086  -0.26     -0.01      1        -0.041     0.26      0.042     0.96    
  -0.0071   -0.00086  -1        -0.042     1        -0.00056   1         0.042    -0.0071  
   0.99      0.0031   -0.11     -0.0039    1        -0.0069    0.11      0.0073    0.99    
   0.8       0.0031   -0.6      -0.0069    1        -0.004     0.6       0.0073    0.8     
  -0.42      0.0031   -0.91     -0.0053    1         0.0059    0.91      0.0073   -0.42    
   0.99      0.0051   -0.11     -0.0039    1         0.01      0.11     -0.0099    0.99    
   0.8       0.0051   -0.6       0.0019    1         0.011     0.6      -0.0099    0.8     
  -0.46      0.0051   -0.89      0.011     1         1.3e-05   0.89     -0.0099   -0.46    

XIPOS
   0         0         0       
  -0.21      0.00043   0.2     
  -0.046     0.048     0.22    
  -0.035     0.12      0.19    
   0.16      0.13      0.023   
  -0.046    -0.049     0.22    
  -0.036    -0.12      0.19    
   0.16     -0.13      0.022   
  -0.42      0.05      0.18    
  -0.41      0.12      0.15    
  -0.17      0.14      0.076   
  -0.42     -0.047     0.18    
  -0.41     -0.12      0.15    
  -0.17     -0.14      0.081   

XIMAT
   1         0         0         0         1         0         0         0         1       
  -0.095    -0.0044    1        -0.011    -1        -0.0055    1        -0.011     0.095   
   0.00096  -0.1       0.99      1         0.039     0.0031   -0.04      0.99      0.1     
   0.35     -0.92     -0.2       0.92      0.38     -0.13      0.19     -0.13      0.97    
  -0.00076   0.0055   -1         1        -0.024    -0.00089  -0.024    -1        -0.0055  
   0.006    -0.1       0.99      1        -0.047    -0.011     0.048     0.99      0.1     
  -0.34     -0.92     -0.2       0.92     -0.37      0.12     -0.19     -0.14      0.97    
   0.0078    0.011    -1         1         0.032     0.0081    0.032    -1        -0.011   
   0.011    -0.12      0.99      1        -0.0018   -0.011     0.0032    0.99      0.12    
   0.24     -0.81     -0.54      0.91      0.38     -0.17      0.34     -0.45      0.82    
  -0.0089    0.42     -0.91      1         0.015    -0.0026    0.013    -0.91     -0.42    
  -0.0029   -0.12      0.99      1         0.0055    0.0036   -0.0058    0.99      0.12    
  -0.23     -0.81     -0.54      0.91     -0.38      0.17     -0.34     -0.45      0.82    
   0.017     0.46     -0.89      1        -0.021     0.0085   -0.015    -0.89     -0.46    

XANCHOR
  -0.23      0.00047   0.2     
  -0.04      0.046     0.23    
  -0.04      0.14      0.22    
   0.015     0.13      0.016   
  -0.041    -0.047     0.22    
  -0.041    -0.14      0.22    
   0.016    -0.13      0.015   
  -0.42      0.048     0.18    
  -0.42      0.14      0.18    
  -0.3       0.14      0.011   
  -0.42     -0.045     0.18    
  -0.43     -0.14      0.18    
  -0.3      -0.14      0.011   

XAXIS
   0         0         1       
   0.99     -0.0039    0.11    
   0.0078    1        -0.034   
   0.0078    1        -0.034   
   0.99     -0.0039    0.11    
  -0.00086   1         0.042   
  -0.00086   1         0.042   
   0.99     -0.0039    0.11    
   0.0031    1         0.0073  
   0.0031    1         0.0073  
   0.99     -0.0039    0.11    
   0.0051    1        -0.0099  
   0.0051    1        -0.0099  

GEOM_XPOS
   0         0         0       
   0.065    -0.00047   0.17    
   0.064    -0.00044   0.18    
   0.088    -0.0013    0.27    
  -0.18      0.0079    0.24    
  -0.16     -0.00043   0.21    
  -0.23      0.00047   0.2     
   0.049    -0.00073   0.25    
   0.065    -0.00023   0.18    
  -0.059     0.042     0.22    
  -0.057     0.056     0.22    
  -0.04      0.13      0.22    
  -0.033     0.12      0.18    
  -0.047     0.12      0.23    
  -0.012     0.14      0.12    
   0.14      0.13      0.024   
   0.23      0.13      0.011   
   0.075     0.13      0.024   
   0.16      0.13      0.036   
   0.23      0.13      0.011   
   0.23      0.13      0.015   
  -0.059    -0.043     0.22    
  -0.057    -0.057     0.22    
  -0.041    -0.13      0.22    
  -0.034    -0.12      0.18    
  -0.048    -0.12      0.23    
  -0.013    -0.14      0.12    
   0.14     -0.13      0.024   
   0.23     -0.13      0.011   
   0.075    -0.13      0.026   
   0.16     -0.13      0.036   
   0.23     -0.13      0.011   
   0.23     -0.13      0.015   
  -0.41      0.044     0.18    
  -0.41      0.058     0.18    
  -0.42      0.13      0.18    
  -0.4       0.13      0.15    
  -0.43      0.12      0.19    
  -0.36      0.14      0.097   
  -0.19      0.14      0.071   
  -0.096     0.14      0.097   
  -0.25      0.14      0.045   
  -0.17      0.14      0.091   
  -0.096     0.14      0.097   
  -0.1       0.14      0.098   
  -0.41     -0.041     0.18    
  -0.41     -0.055     0.18    
  -0.43     -0.13      0.18    
  -0.4      -0.12      0.15    
  -0.44     -0.12      0.19    
  -0.36     -0.14      0.096   
  -0.19     -0.14      0.076   
  -0.1      -0.14      0.11    
  -0.25     -0.14      0.047   
  -0.18     -0.14      0.096   
  -0.1      -0.14      0.11    
  -0.11     -0.14      0.11    

GEOM_XMAT
   1         0         0         0         1         0         0         0         1       
  -0.37     -0.93     -0.0024   -0.0083    0.0058   -1         0.93     -0.37     -0.0098  
  -0.37     -0.93     -0.0028   -0.007     0.0058   -1         0.93     -0.37     -0.0086  
   0.99      0.0031   -0.16     -0.0044    1        -0.0077    0.16      0.0083    0.99    
  -0.13      0.01      0.99      0.00025  -1         0.01      0.99      0.0016    0.13    
  -0.16     -0.0045    0.99     -0.02     -1        -0.0079    0.99     -0.021     0.16    
   0.99      0.0031   -0.11     -0.0039    1        -0.0077    0.11      0.0081    0.99    
   0.99      0.0031   -0.11     -0.0039    1        -0.0077    0.11      0.0081    0.99    
   0.99      0.0031   -0.11     -0.0039    1        -0.0077    0.11      0.0081    0.99    
   0.06     -0.11      0.99      1         0.035    -0.057    -0.028     0.99      0.11    
  -0.35     -0.11      0.93      0.93      0.035     0.36     -0.072     0.99      0.092   
   0.99     -0.11     -0.0078   -0.0039    0.034    -1         0.11      0.99      0.034   
   0.087    -0.98     -0.2       0.99      0.11     -0.1       0.12     -0.18      0.98    
  -0.54     -0.56      0.63     -0.6      -0.27     -0.76      0.59     -0.78     -0.19    
   0.26      0.0078    0.97     -0.035     1         0.0011   -0.97     -0.034     0.26    
   0.0058    0.042    -1         1        -0.051     0.0037   -0.051    -1        -0.042   
  -0.85     -0.0078    0.53      0.024    -1         0.024     0.53      0.033     0.85    
  -0.21      0.0078   -0.98      0.035     1         0.00056   0.98     -0.034    -0.21    
   0.049     0.0078   -1         0.033     1         0.0094    1        -0.034     0.048   
  -0.85     -0.0081    0.53      0.025    -1         0.024     0.53      0.034     0.85    
  -0.0013    0.0078   -1         0.034     1         0.0078    1        -0.034    -0.0015  
   0.053     0.12      0.99     -1         0.042     0.048    -0.036    -0.99      0.12    
  -0.36      0.11      0.93     -0.93      0.042    -0.36     -0.08     -0.99      0.092   
   0.99     -0.11      0.00086  -0.0039   -0.042    -1         0.11      0.99     -0.042   
  -0.079    -0.98     -0.2       0.99     -0.1       0.094    -0.11     -0.19      0.98    
  -0.54     -0.56     -0.63      0.6       0.28     -0.75      0.59     -0.78      0.18    
   0.26     -0.00086   0.96      0.041     1        -0.01     -0.96      0.042     0.26    
   0.001     0.048    -1         1         0.059     0.0038    0.06     -1        -0.047   
  -0.85      0.00085   0.53     -0.023    -1        -0.035     0.53     -0.042     0.85    
  -0.21     -0.00086  -0.98     -0.042     1         0.0079    0.98      0.042    -0.21    
   0.043    -0.00086  -1        -0.042     1        -0.0027    1         0.042     0.043   
  -0.85      0.00059   0.53     -0.023    -1        -0.036     0.53     -0.043     0.85    
  -0.0071   -0.00086  -1        -0.042     1        -0.00056   1         0.042    -0.0071  
  -0.049     0.11     -0.99      1         0.0072   -0.049     0.0018   -0.99     -0.11    
   0.36      0.11     -0.93      0.93      0.0073    0.37      0.048    -0.99     -0.1     
   0.99     -0.11     -0.0031   -0.0039   -0.0069   -1         0.11      0.99     -0.0073  
   0.02     -0.84     -0.54      0.98      0.11     -0.14      0.18     -0.53      0.83    
  -0.71     -0.23      0.67     -0.62     -0.24     -0.75      0.33     -0.94      0.026   
   0.6       0.0031    0.8       0.004     1        -0.0069   -0.8       0.0073    0.6     
   0.0085    0.45     -0.89      1        -0.012     0.0034   -0.0092   -0.89     -0.45    
  -0.99     -0.003     0.13      0.002    -1        -0.0079    0.13     -0.0075    0.99    
  -0.59      0.0031   -0.81     -0.004     1         0.0068    0.81      0.0073   -0.59    
  -0.37      0.0031   -0.93     -0.0056    1         0.0056    0.93      0.0073   -0.37    
  -0.99     -0.0033    0.13      0.0023   -1        -0.008     0.13     -0.0076    0.99    
  -0.42      0.0031   -0.91     -0.0053    1         0.0059    0.91      0.0073   -0.42    
  -0.057    -0.12     -0.99     -1         0.01      0.056     0.0034    0.99     -0.12    
   0.35     -0.11     -0.93     -0.93      0.0099   -0.36      0.05      0.99     -0.1     
   0.99     -0.11     -0.0051   -0.0039    0.01     -1         0.11      0.99      0.0099  
  -0.011    -0.84     -0.54      0.98     -0.11      0.15     -0.18     -0.53      0.83    
  -0.71     -0.22     -0.67      0.63      0.24     -0.74      0.32     -0.95     -0.026   
   0.6       0.0051    0.8      -0.011     1         0.0019   -0.8      -0.0099    0.6     
  -0.00097   0.49     -0.87      1         0.006     0.0023    0.0063   -0.87     -0.49    
  -1        -0.0052    0.088     0.0061   -1         0.0097    0.088     0.01      1       
  -0.62      0.0051   -0.78      0.011     1        -0.0022    0.78     -0.0099   -0.62    
  -0.41      0.0051   -0.91      0.011     1         0.00057   0.91     -0.0099   -0.41    
  -1        -0.0053    0.088     0.0061   -1         0.0091    0.088     0.0096    1       
  -0.46      0.0051   -0.89      0.011     1         1.3e-05   0.89     -0.0099   -0.46    

SITE_XPOS
  -0.26      0.00025   0.24    

SITE_XMAT
   0.99      0.0031   -0.11     -0.0039    1        -0.0077    0.11      0.0081    0.99    

LIGHT_XPOS
   0         0         1.5     

LIGHT_XDIR
   0         0        -1       

SUBTREE_COM
  -0.21      0.00042   0.18    
  -0.21      0.00042   0.18    
  -0.016     0.097     0.18    
  -0.0018    0.12      0.16    
   0.16      0.13      0.023   
  -0.017    -0.097     0.18    
  -0.0022   -0.12      0.16    
   0.16     -0.13      0.022   
  -0.38      0.1       0.15    
  -0.37      0.12      0.14    
  -0.17      0.14      0.076   
  -0.39     -0.098     0.15    
  -0.37     -0.12      0.14    
  -0.17     -0.14      0.081   

CDOF
   0         0         0         1         0         0       
   0         0         0         0         1         0       
   0         0         0         0         0         1       
   0.99     -0.0039    0.11      8.7e-05   0.024     6.2e-05 
   0.0031    1         0.0081   -0.021     0.00028  -0.027   
  -0.11     -0.0077    0.99      0.0002    0.025     0.00022 
   0.99     -0.0039    0.11      0.0054    0.024    -0.046   
   0.0078    1        -0.034    -0.044     0.0059    0.16    
   0.0078    1        -0.034     0.16      0.0061    0.22    
   0.99     -0.0039    0.11     -0.0052    0.023     0.046   
  -0.00086   1         0.042    -0.044    -0.007     0.16    
  -0.00086   1         0.042     0.16     -0.0092    0.22    
   0.99     -0.0039    0.11      0.0054    0.024    -0.046   
   0.0031    1         0.0073    0.0013    0.0016   -0.22    
   0.0031    1         0.0073    0.17      0.00013  -0.092   
   0.99     -0.0039    0.11     -0.0052    0.023     0.046   
   0.0051    1        -0.0099    0.0021   -0.0022   -0.22    
   0.0051    1        -0.0099    0.17     -0.0018   -0.092   

CINERT
   0         0         0         0         0         0         0         0         0         0       
   0.027     0.1       0.11      0.00041  -0.0071   -6e-05    -0.04      2.7e-05   0.12      6.9     
   0.0032    0.019     0.019    -0.0052   -0.0046   -0.0014    0.11      0.032     0.029     0.68    
   0.022     0.039     0.051    -0.023    -0.00059  -0.00043   0.2       0.14      0.009     1.2     
   0.01      0.039     0.037    -0.012     0.014     0.0051    0.087     0.032    -0.039     0.24    
   0.0033    0.019     0.019     0.0053   -0.0045    0.0014    0.11     -0.033     0.028     0.68    
   0.022     0.039     0.051     0.023    -0.0003    0.00029   0.2      -0.14      0.0075    1.2     
   0.011     0.039     0.037     0.012     0.014    -0.0051    0.087    -0.032    -0.039     0.24    
   0.0021    0.032     0.033     0.0071   -7.3e-05   1.5e-05  -0.15      0.033    -0.00027   0.68    
   0.022     0.054     0.067     0.028    -0.0045    0.0047   -0.23      0.14     -0.033     1.2     
   0.0079    0.0045    0.0064   -0.0012    0.00033   0.0036    0.0082    0.034    -0.026     0.24    
   0.002     0.032     0.033    -0.0069   -0.00018  -3.9e-05  -0.15     -0.032    -0.00078   0.68    
   0.022     0.054     0.067    -0.028    -0.0047   -0.0048   -0.23     -0.14     -0.034     1.2     
   0.0077    0.0042    0.0063    0.0011    0.00017  -0.0035    0.0074   -0.034    -0.024     0.24    

ACTUATOR_LENGTH
   0.035   
  -0.15    
  -1.3     
  -0.042   
  -0.15    
  -1.3     
  -0.018   
  -0.53    
  -1.4     
  -0.00079 
  -0.53    
  -1.4     

actuator_moments
--------------------
          x         |
           x        |
            x       |
       x            |
        x           |
         x          |
                x   |
                 x  |
                  x |
             x      |
              x     |
               x    |
--------------------

ACTUATOR_MOMENT
    9:  1       
    10:  1       
    11:  1       
    6:  1       
    7:  1       
    8:  1       
    15:  1       
    16:  1       
    17:  1       
    12:  1       
    13:  1       
    14:  1       

CRB
   0         0         0         0         0         0         0         0         0         0       
   0.16      0.48      0.53      0.0012    0.0019   -0.00014   0        -2.8e-17  -1.2e-16   15      
   0.035     0.098     0.11     -0.04      0.0088    0.0033    0.39      0.2      -0.00092   2.1     
   0.032     0.079     0.088    -0.035     0.013     0.0047    0.28      0.17     -0.029     1.4     
   0.01      0.039     0.037    -0.012     0.014     0.0051    0.087     0.032    -0.039     0.24    
   0.036     0.098     0.11      0.04      0.0092   -0.0035    0.39     -0.2      -0.0031    2.1     
   0.033     0.078     0.088     0.035     0.014    -0.0049    0.28     -0.17     -0.031     1.4     
   0.011     0.039     0.037     0.012     0.014    -0.0051    0.087    -0.032    -0.039     0.24    
   0.032     0.09      0.11      0.034    -0.0043    0.0084   -0.37      0.21     -0.059     2.1     
   0.03      0.059     0.073     0.027    -0.0042    0.0084   -0.23      0.17     -0.059     1.4     
   0.0079    0.0045    0.0064   -0.0012    0.00033   0.0036    0.0082    0.034    -0.026     0.24    
   0.032     0.091     0.11     -0.033    -0.0047   -0.0083   -0.37     -0.2      -0.059     2.1     
   0.03      0.059     0.073    -0.026    -0.0045   -0.0083   -0.23     -0.17     -0.058     1.4     
   0.0077    0.0042    0.0063    0.0011    0.00017  -0.0035    0.0074   -0.034    -0.024     0.24    

QM
   15        0         0         0.0013   -0.31      0.0031   -0.012    -0.086     0.0016    0.012    -0.085     0.0018   -0.012    -0.058     0.016     0.013    -0.057     0.017   
   0         15        0         0.36      0.0043    0.38      0.095    -0.0011   -0.0012    0.095     0.0022    0.0014    0.066     0.00077   0.00017   0.065    -0.0005   -0.00038 
   0         0         15        0.00095  -0.42      0.0033    0.1      -0.053    -0.034    -0.1      -0.053    -0.034     0.11     -0.08     -0.03     -0.11     -0.08     -0.03    
   0.0013    0.36      0.00095   0.18      0.00031   0.053     0.033    -0.0061   -0.0048    0.032     0.0062    0.0048    0.024    -0.01     -0.0045    0.024     0.01      0.0045  
  -0.31      0.0043   -0.42      0.00031   0.5       0.00025  -0.024     0.036     0.014     0.024     0.036     0.014     0.014     0.013     0.0013   -0.014     0.012     0.0012  
   0.0031    0.38      0.0033    0.053     0.00025   0.54      0.028     0.011    -0.00028   0.028    -0.012     0.0002   -0.0033    0.0095   -0.0017   -0.0032   -0.0095    0.0019  
  -0.012     0.095     0.1       0.033    -0.024     0.028     0.038    -0.0041   -0.0032    0         0         0         0         0         0         0         0         0       
  -0.086    -0.0011   -0.053    -0.0061    0.036     0.011    -0.0041    0.037     0.0079    0         0         0         0         0         0         0         0         0       
   0.0016   -0.0012   -0.034    -0.0048    0.014    -0.00028  -0.0032    0.0079    0.016     0         0         0         0         0         0         0         0         0       
   0.012     0.095    -0.1       0.032     0.024     0.028     0         0         0         0.038     0.0041    0.0032    0         0         0         0         0         0       
  -0.085     0.0022   -0.053     0.0062    0.036    -0.012     0         0         0         0.0041    0.037     0.0079    0         0         0         0         0         0       
   0.0018    0.0014   -0.034     0.0048    0.014     0.0002    0         0         0         0.0032    0.0079    0.016     0         0         0         0         0         0       
  -0.012     0.066     0.11      0.024     0.014    -0.0033    0         0         0         0         0         0         0.029    -0.0069   -0.003     0         0         0       
  -0.058     0.00077  -0.08     -0.01      0.013     0.0095    0         0         0         0         0         0        -0.0069    0.037     0.0075    0         0         0       
   0.016     0.00017  -0.03     -0.0045    0.0013   -0.0017    0         0         0         0         0         0        -0.003     0.0075    0.016     0         0         0       
   0.013     0.065    -0.11      0.024    -0.014    -0.0032    0         0         0         0         0         0         0         0         0         0.029     0.0069    0.003   
  -0.057    -0.0005   -0.08      0.01      0.012    -0.0095    0         0         0         0         0         0         0         0         0         0.0069    0.036     0.0072  
   0.017    -0.00038  -0.03      0.0045    0.0012    0.0019    0         0         0         0         0         0         0         0         0         0.003     0.0072    0.016   

QLD
   14        1.2e-05  -0.018     0.0034   -0.32      0.0037   -0.48     -2.6       0.096     0.5      -2.6       0.11     -0.72     -2         0.96      0.75     -2         1       
   1.2e-05   14       -0.00017   1.1       0.0038    0.5       2.6      -0.016    -0.071     2.6       0.044     0.089     2.4       0.021     0.011     2.4      -0.01     -0.023   
  -0.018    -0.00017   13        0.0064   -0.68      0.0044    2.6      -1.1      -2.1      -2.6      -1.1      -2.1       3.3      -2        -1.9      -3.3      -2        -1.8     
   0.0034    1.1       0.0064    0.077     0.00042   0.026     0.85     -0.11     -0.3       0.85      0.11      0.3       0.8      -0.25     -0.28      0.79      0.25      0.27    
  -0.32      0.0038   -0.68      0.00042   0.37      0.00063  -0.51      0.86      0.89      0.52      0.87      0.89      0.59      0.36      0.082    -0.59      0.35      0.072   
   0.0037    0.5       0.0044    0.026     0.00063   0.48      0.79      0.34     -0.017     0.79     -0.35      0.012    -0.068     0.31     -0.1      -0.064    -0.31      0.12    
  -0.48      2.6       2.6       0.85     -0.51      0.79      0.037    -0.075    -0.2       0         0         0         0         0         0         0         0         0       
  -2.6      -0.016    -1.1      -0.11      0.86      0.34     -0.075     0.034     0.48      0         0         0         0         0         0         0         0         0       
   0.096    -0.071    -2.1      -0.3       0.89     -0.017    -0.2       0.48      0.016     0         0         0         0         0         0         0         0         0       
   0.5       2.6      -2.6       0.85      0.52      0.79      0         0         0         0.037     0.076     0.2       0         0         0         0         0         0       
  -2.6       0.044    -1.1       0.11      0.87     -0.35      0         0         0         0.076     0.034     0.48      0         0         0         0         0         0       
   0.11      0.089    -2.1       0.3       0.89      0.012     0         0         0         0.2       0.48      0.016     0         0         0         0         0         0       
  -0.72      2.4       3.3       0.8       0.59     -0.068     0         0         0         0         0         0         0.028    -0.17     -0.19      0         0         0       
  -2         0.021    -2        -0.25      0.36      0.31      0         0         0         0         0         0        -0.17      0.033     0.46      0         0         0       
   0.96      0.011    -1.9      -0.28      0.082    -0.1       0         0         0         0         0         0        -0.19      0.46      0.016     0         0         0       
   0.75      2.4      -3.3       0.79     -0.59     -0.064     0         0         0         0         0         0         0         0         0         0.027     0.17      0.18    
  -2        -0.01     -2         0.25      0.35     -0.31      0         0         0         0         0         0         0         0         0         0.17      0.033     0.44    
   1        -0.023    -1.8       0.27      0.072     0.12      0         0         0         0         0         0         0         0         0         0.18      0.44      0.016   

QLDIAGINV
   0.07    
   0.07    
   0.075   
   13      
   2.7     
   2.1     
   27      
   30      
   61      
   27      
   30      
   61      
   36      
   30      
   61      
   36      
   30      
   61      

QLDIAGSQRTINV
   0.26    
   0.27    
   0.27    
   3.6     
   1.6     
   1.4     
   5.2     
   5.5     
   7.8     
   5.2     
   5.5     
   7.8     
   6       
   5.5     
   7.8     
   6       
   5.5     
   7.8     

B: body-dof matrix
--------------------
 xxxxxxxxxxxxxxxxxx |
 xxxxxxxxxxxxxxxxxx |
 xxxxxxxxx          |
 xxxxxxxxx          |
 xxxxxxxxx          |
 xxxxxx   xxx       |
 xxxxxx   xxx       |
 xxxxxx   xxx       |
 xxxxxx      xxx    |
 xxxxxx      xxx    |
 xxxxxx      xxx    |
 xxxxxx         xxx |
 xxxxxx         xxx |
 xxxxxx         xxx |
--------------------

B_rownnz              18 18 9 9 9 9 9 9 9 9 9 9 9 9

B_rowadr              0 18 36 45 54 63 72 81 90 99 108 117 126 135

B_colind              0 1 2 3 4 5 6 7 8 9 10 11 12 13 14 15 16 17 0 1 2 3 4 5 6 7 8 9 10 11 12 13 14 15 16 17 0 1 2 3 4 5 6 7 8 0 1 2 3 4 5 6 7 8 0 1 2 3 4 5 6 7 8 0 1 2 3 4 5 9 10 11 0 1 2 3 4 5 9 10 11 0 1 2 3 4 5 9 10 11 0 1 2 3 4 5 12 13 14 0 1 2 3 4 5 12 13 14 0 1 2 3 4 5 12 13 14 0 1 2 3 4 5 15 16 17 0 1 2 3 4 5 15 16 17 0 1 2 3 4 5 15 16 17

C: reduced dof-dof matrix
--------------------
 xxxxxxxxxxxxxxxxxx |
 xxxxxxxxxxxxxxxxxx |
 xxxxxxxxxxxxxxxxxx |
 xxxxxxxxxxxxxxxxxx |
 xxxxxxxxxxxxxxxxxx |
 xxxxxxxxxxxxxxxxxx |
 xxxxxxxxx          |
 xxxxxxxxx          |
 xxxxxxxxx          |
 xxxxxx   xxx       |
 xxxxxx   xxx       |
 xxxxxx   xxx       |
 xxxxxx      xxx    |
 xxxxxx      xxx    |
 xxxxxx      xxx    |
 xxxxxx         xxx |
 xxxxxx         xxx |
 xxxxxx         xxx |
--------------------

C_rownnz              18 18 18 18 18 18 9 9 9 9 9 9 9 9 9 9 9 9

C_rowadr              0 18 36 54 72 90 108 117 126 135 144 153 162 171 180 189 198 207

C_colind              0 1 2 3 4 5 6 7 8 9 10 11 12 13 14 15 16 17 0 1 2 3 4 5 6 7 8 9 10 11 12 13 14 15 16 17 0 1 2 3 4 5 6 7 8 9 10 11 12 13 14 15 16 17 0 1 2 3 4 5 6 7 8 9 10 11 12 13 14 15 16 17 0 1 2 3 4 5 6 7 8 9 10 11 12 13 14 15 16 17 0 1 2 3 4 5 6 7 8 9 10 11 12 13 14 15 16 17 0 1 2 3 4 5 6 7 8 0 1 2 3 4 5 6 7 8 0 1 2 3 4 5 6 7 8 0 1 2 3 4 5 9 10 11 0 1 2 3 4 5 9 10 11 0 1 2 3 4 5 9 10 11 0 1 2 3 4 5 12 13 14 0 1 2 3 4 5 12 13 14 0 1 2 3 4 5 12 13 14 0 1 2 3 4 5 15 16 17 0 1 2 3 4 5 15 16 17 0 1 2 3 4 5 15 16 17

mapM2C                0 2 5 9 14 20 27 35 44 51 59 68 75 83 92 99 107 116 2 1 4 8 13 19 26 34 43 50 58 67 74 82 91 98 106 115 5 4 3 7 12 18 25 33 42 49 57 66 73 81 90 97 105 114 9 8 7 6 11 17 24 32 41 48 56 65 72 80 89 96 104 113 14 13 12 11 10 16 23 31 40 47 55 64 71 79 88 95 103 112 20 19 18 17 16 15 22 30 39 46 54 63 70 78 87 94 102 111 27 26 25 24 23 22 21 29 38 35 34 33 32 31 30 29 28 37 44 43 42 41 40 39 38 37 36 51 50 49 48 47 46 45 53 62 59 58 57 56 55 54 53 52 61 68 67 66 65 64 63 62 61 60 75 74 73 72 71 70 69 77 86 83 82 81 80 79 78 77 76 85 92 91 90 89 88 87 86 85 84 99 98 97 96 95 94 93 101 110 107 106 105 104 103 102 101 100 109 116 115 114 113 112 111 110 109 108

D: dof-dof matrix
--------------------
 xxxxxxxxxxxxxxxxxx |
 xxxxxxxxxxxxxxxxxx |
 xxxxxxxxxxxxxxxxxx |
 xxxxxxxxxxxxxxxxxx |
 xxxxxxxxxxxxxxxxxx |
 xxxxxxxxxxxxxxxxxx |
 xxxxxxxxx          |
 xxxxxxxxx          |
 xxxxxxxxx          |
 xxxxxx   xxx       |
 xxxxxx   xxx       |
 xxxxxx   xxx       |
 xxxxxx      xxx    |
 xxxxxx      xxx    |
 xxxxxx      xxx    |
 xxxxxx         xxx |
 xxxxxx         xxx |
 xxxxxx         xxx |
--------------------

D_rownnz              18 18 18 18 18 18 9 9 9 9 9 9 9 9 9 9 9 9

D_rowadr              0 18 36 54 72 90 108 117 126 135 144 153 162 171 180 189 198 207

D_colind              0 1 2 3 4 5 6 7 8 9 10 11 12 13 14 15 16 17 0 1 2 3 4 5 6 7 8 9 10 11 12 13 14 15 16 17 0 1 2 3 4 5 6 7 8 9 10 11 12 13 14 15 16 17 0 1 2 3 4 5 6 7 8 9 10 11 12 13 14 15 16 17 0 1 2 3 4 5 6 7 8 9 10 11 12 13 14 15 16 17 0 1 2 3 4 5 6 7 8 9 10 11 12 13 14 15 16 17 0 1 2 3 4 5 6 7 8 0 1 2 3 4 5 6 7 8 0 1 2 3 4 5 6 7 8 0 1 2 3 4 5 9 10 11 0 1 2 3 4 5 9 10 11 0 1 2 3 4 5 9 10 11 0 1 2 3 4 5 12 13 14 0 1 2 3 4 5 12 13 14 0 1 2 3 4 5 12 13 14 0 1 2 3 4 5 15 16 17 0 1 2 3 4 5 15 16 17 0 1 2 3 4 5 15 16 17

mapM2D                0 2 5 9 14 20 27 35 44 51 59 68 75 83 92 99 107 116 2 1 4 8 13 19 26 34 43 50 58 67 74 82 91 98 106 115 5 4 3 7 12 18 25 33 42 49 57 66 73 81 90 97 105 114 9 8 7 6 11 17 24 32 41 48 56 65 72 80 89 96 104 113 14 13 12 11 10 16 23 31 40 47 55 64 71 79 88 95 103 112 20 19 18 17 16 15 22 30 39 46 54 63 70 78 87 94 102 111 27 26 25 24 23 22 21 29 38 35 34 33 32 31 30 29 28 37 44 43 42 41 40 39 38 37 36 51 50 49 48 47 46 45 53 62 59 58 57 56 55 54 53 52 61 68 67 66 65 64 63 62 61 60 75 74 73 72 71 70 69 77 86 83 82 81 80 79 78 77 76 85 92 91 90 89 88 87 86 85 84 99 98 97 96 95 94 93 101 110 107 106 105 104 103 102 101 100 109 116 115 114 113 112 111 110 109 108

mapD2M                0 19 18 38 37 36 57 56 55 54 76 75 74 73 72 95 94 93 92 91 90 114 113 112 111 110 109 108 124 123 122 121 120 119 118 117 134 133 132 131 130 129 128 127 126 141 140 139 138 137 136 135 151 150 149 148 147 146 145 144 161 160 159 158 157 156 155 154 153 168 167 166 165 164 163 162 178 177 176 175 174 173 172 171 188 187 186 185 184 183 182 181 180 195 194 193 192 191 190 189 205 204 203 202 201 200 199 198 215 214 213 212 211 210 209 208 207

QDERIV
   0         0         0         0         0         0         0         0         0         0         0         0         0         0         0         0         0         0       
   0         0         0         0         0         0         0         0         0         0         0         0         0         0         0         0         0         0       
   0         0         0         0         0         0         0         0         0         0         0         0         0         0         0         0         0         0       
   0         0         0         0         0         0         0         0         0         0         0         0         0         0         0         0         0         0       
   0         0         0         0         0         0         0         0         0         0         0         0         0         0         0         0         0         0       
   0         0         0         0         0         0         0         0         0         0         0         0         0         0         0         0         0         0       
   0         0         0         0         0         0         0         0         0         0         0         0         0         0         0         0         0         0       
   0         0         0         0         0         0         0         0         0         0         0         0         0         0         0         0         0         0       
   0         0         0         0         0         0         0         0         0         0         0         0         0         0         0         0         0         0       
   0         0         0         0         0         0         0         0         0         0         0         0         0         0         0         0         0         0       
   0         0         0         0         0         0         0         0         0         0         0         0         0         0         0         0         0         0       
   0         0         0         0         0         0         0         0         0         0         0         0         0         0         0         0         0         0       
   0         0         0         0         0         0         0         0         0         0         0         0         0         0         0         0         0         0       
   0         0         0         0         0         0         0         0         0         0         0         0         0         0         0         0         0         0       
   0         0         0         0         0         0         0         0         0         0         0         0         0         0         0         0         0         0       
   0         0         0         0         0         0         0         0         0         0         0         0         0         0         0         0         0         0       
   0         0         0         0         0         0         0         0         0         0         0         0         0         0         0         0         0         0       
   0         0         0         0         0         0         0         0         0         0         0         0         0         0         0         0         0         0       

QLU
   0         0         0         0         0         0         0         0         0         0         0         0         0         0         0         0         0         0       
   0         0         0         0         0         0         0         0         0         0         0         0         0         0         0         0         0         0       
   0         0         0         0         0         0         0         0         0         0         0         0         0         0         0         0         0         0       
   0         0         0         0         0         0         0         0         0         0         0         0         0         0         0         0         0         0       
   0         0         0         0         0         0         0         0         0         0         0         0         0         0         0         0         0         0       
   0         0         0         0         0         0         0         0         0         0         0         0         0         0         0         0         0         0       
   0         0         0         0         0         0         0         0         0         0         0         0         0         0         0         0         0         0       
   0         0         0         0         0         0         0         0         0         0         0         0         0         0         0         0         0         0       
   0         0         0         0         0         0         0         0         0         0         0         0         0         0         0         0         0         0       
   0         0         0         0         0         0         0         0         0         0         0         0         0         0         0         0         0         0       
   0         0         0         0         0         0         0         0         0         0         0         0         0         0         0         0         0         0       
   0         0         0         0         0         0         0         0         0         0         0         0         0         0         0         0         0         0       
   0         0         0         0         0         0         0         0         0         0         0         0         0         0         0         0         0         0       
   0         0         0         0         0         0         0         0         0         0         0         0         0         0         0         0         0         0       
   0         0         0         0         0         0         0         0         0         0         0         0         0         0         0         0         0         0       
   0         0         0         0         0         0         0         0         0         0         0         0         0         0         0         0         0         0       
   0         0         0         0         0         0         0         0         0         0         0         0         0         0         0         0         0         0       
   0         0         0         0         0         0         0         0         0         0         0         0         0         0         0         0         0         0       

CONTACT
  0:
     dim           3
     geoms         floor : 17
     exclude       0
     efc_address   14
     solref         0.02      1       
     solimp         0.9       0.95      0.001     0.5       2       
     dist           2e-05   
     includemargin  0.001   
     pos            0.019     0.13      9.9e-06 
     frame          0         0         1         0         1         0        -1         0         0       
     friction       1         1         0.005     0.0001    0.0001  
     mu             0.1     
  1:
     dim           6
     geoms         floor : FL
     exclude       0
     efc_address   17
     solref         0.02      1       
     solimp         0.015     1         0.022     0.5       2       
     dist          -0.0074  
     includemargin  0.001   
     pos            0.23      0.13     -0.0037  
     frame          0         0         1         0         1         0        -1         0         0       
     friction       0.8       0.8       0.02      0.01      0.01    
     mu             0.08    
  2:
     dim           3
     geoms         floor : 29
     exclude       0
     efc_address   23
     solref         0.02      1       
     solimp         0.9       0.95      0.001     0.5       2       
     dist           0.00048 
     includemargin  0.001   
     pos            0.019    -0.13      0.00024 
     frame          0         0         1         0         1         0        -1         0         0       
     friction       1         1         0.005     0.0001    0.0001  
     mu             0.1     
  3:
     dim           6
     geoms         floor : FR
     exclude       0
     efc_address   26
     solref         0.02      1       
     solimp         0.015     1         0.022     0.5       2       
     dist          -0.0074  
     includemargin  0.001   
     pos            0.23     -0.13     -0.0037  
     frame          0         0         1         0         1         0        -1         0         0       
     friction       0.8       0.8       0.02      0.01      0.01    
     mu             0.08    
  4:
     dim           3
     geoms         floor : 38
     exclude       0
     efc_address   32
     solref         0.02      1       
     solimp         0.9       0.95      0.001     0.5       2       
     dist           0.00099 
     includemargin  0.001   
     pos           -0.31      0.13      0.0005  
     frame          0         0         1         0         1         0        -1         0         0       
     friction       1         1         0.005     0.0001    0.0001  
     mu             0.1     
  5:
     dim           3
     geoms         floor : 41
     exclude       0
     efc_address   35
     solref         0.02      1       
     solimp         0.9       0.95      0.001     0.5       2       
     dist          -0.00052 
     includemargin  0.001   
     pos           -0.29      0.14     -0.00026 
     frame          0         0         1         0         1         0        -1         0         0       
     friction       1         1         0.005     0.0001    0.0001  
     mu             0.1     
  6:
     dim           3
     geoms         floor : 50
     exclude       0
     efc_address   38
     solref         0.02      1       
     solimp         0.9       0.95      0.001     0.5       2       
     dist           0.00078 
     includemargin  0.001   
     pos           -0.31     -0.13      0.00039 
     frame          0         0         1         0         1         0        -1         0         0       
     friction       1         1         0.005     0.0001    0.0001  
     mu             0.1     
  7:
     dim           3
     geoms         floor : 53
     exclude       0
     efc_address   41
     solref         0.02      1       
     solimp         0.9       0.95      0.001     0.5       2       
     dist          -0.00024 
     includemargin  0.001   
     pos           -0.29     -0.14     -0.00012 
     frame          0         0         1         0         1         0        -1         0         0       
     friction       1         1         0.005     0.0001    0.0001  
     mu             0.1     

EFC_TYPE
  1
  1
  1
  1
  1
  1
  1
  1
  1
  1
  1
  1
  3
  3
  7
  7
  7
  7
  7
  7
  7
  7
  7
  7
  7
  7
  7
  7
  7
  7
  7
  7
  7
  7
  7
  7
  7
  7
  7
  7
  7
  7
  7
  7

EFC_ID
  6
  7
  8
  9
  10
  11
  12
  13
  14
  15
  16
  17
  8
  11
  0
  0
  0
  1
  1
  1
  1
  1
  1
  2
  2
  2
  3
  3
  3
  3
  3
  3
  4
  4
  4
  5
  5
  5
  6
  6
  6
  7
  7
  7

EFC_J
   0         0         0         0         0         0         1         0         0         0         0         0         0         0         0         0         0         0       
   0         0         0         0         0         0         0         1         0         0         0         0         0         0         0         0         0         0       
   0         0         0         0         0         0         0         0         1         0         0         0         0         0         0         0         0         0       
   0         0         0         0         0         0         0         0         0         1         0         0         0         0         0         0         0         0       
   0         0         0         0         0         0         0         0         0         0         1         0         0         0         0         0         0         0       
   0         0         0         0         0         0         0         0         0         0         0         1         0         0         0         0         0         0       
   0         0         0         0         0         0         0         0         0         0         0         0         1         0         0         0         0         0       
   0         0         0         0         0         0         0         0         0         0         0         0         0         1         0         0         0         0       
   0         0         0         0         0         0         0         0         0         0         0         0         0         0         1         0         0         0       
   0         0         0         0         0         0         0         0         0         0         0         0         0         0         0         1         0         0       
   0         0         0         0         0         0         0         0         0         0         0         0         0         0         0         0         1         0       
   0         0         0         0         0         0         0         0         0         0         0         0         0         0         0         0         0         1       
   0         0         0         0         0         0         0         0         0         0         0         0         0         1         0         0         0         0       
   0         0         0         0         0         0         0         0         0         0         0         0         0         0         0         0         1         0       
   0         0         1         0.13     -0.25     -0.013     0.088    -0.059    -0.0038    0         0         0         0         0         0         0         0         0       
   0         1         0         0.23      0.0026    0.23      0.23     -0.00024  -2.7e-06   0         0         0         0         0         0         0         0         0       
  -1         0         0         0.014     0.2       0.13      0.0091    0.22      0.016     0         0         0         0         0         0         0         0         0       
   0         0         1         0.13     -0.46     -0.011     0.087    -0.27     -0.21      0         0         0         0         0         0         0         0         0       
   0         1         0         0.26      0.0043    0.43      0.26     -0.0073   -0.007     0         0         0         0         0         0         0         0         0       
  -1         0         0         0.014     0.21      0.13      0.0089    0.23      0.02      0         0         0         0         0         0         0         0         0       
   0         0         0         0.11      0.0081    0.99      0.11     -0.034    -0.034     0         0         0         0         0         0         0         0         0       
   0         0         0        -0.0039    1        -0.0077   -0.0039    1         1         0         0         0         0         0         0         0         0         0       
   0         0         0        -0.99     -0.0031    0.11     -0.99     -0.0078   -0.0078    0         0         0         0         0         0         0         0         0       
   0         0         1        -0.13     -0.25      0.017     0         0         0        -0.086    -0.06     -0.0039    0         0         0         0         0         0       
   0         1         0         0.23      0.0027    0.23      0         0         0         0.23      0.0024    0.00015   0         0         0         0         0         0       
  -1         0         0        -0.016     0.2      -0.13      0         0         0        -0.011     0.22      0.015     0         0         0         0         0         0       
   0         0         1        -0.13     -0.46      0.019     0         0         0        -0.085    -0.27     -0.21      0         0         0         0         0         0       
   0         1         0         0.26      0.0044    0.43      0         0         0         0.26      0.011     0.009     0         0         0         0         0         0       
  -1         0         0        -0.016     0.21     -0.13      0         0         0        -0.011     0.22      0.019     0         0         0         0         0         0       
   0         0         0         0.11      0.0081    0.99      0         0         0         0.11      0.042     0.042     0         0         0         0         0         0       
   0         0         0        -0.0039    1        -0.0077    0         0         0        -0.0039    1         1         0         0         0         0         0         0       
   0         0         0        -0.99     -0.0031    0.11      0         0         0        -0.99      0.00086   0.00086   0         0         0         0         0         0       
   0         0         1         0.13      0.079    -0.015     0         0         0         0         0         0         0.084    -0.11      0         0         0         0       
   0         1         0         0.19     -1.3e-05  -0.1       0         0         0         0         0         0         0.19      0.0014    0         0         0         0       
  -1         0         0         0.014     0.2       0.13      0         0         0         0         0         0         0.0088    0.18      0         0         0         0       
   0         0         1         0.14      0.055    -0.017     0         0         0         0         0         0         0.096    -0.14     -0.0095    0         0         0       
   0         1         0         0.2       0.00018  -0.078     0         0         0         0         0         0         0.2       0.0016    0.00011   0         0         0       
  -1         0         0         0.015     0.2       0.14      0         0         0         0         0         0         0.01      0.18      0.011     0         0         0       
   0         0         1        -0.13      0.078     0.014     0         0         0         0         0         0         0         0         0        -0.085    -0.11      0       
   0         1         0         0.19     -1.6e-05  -0.1       0         0         0         0         0         0         0         0         0         0.19     -0.00021   0       
  -1         0         0        -0.016     0.2      -0.13      0         0         0         0         0         0         0         0         0        -0.01      0.18      0       
   0         0         1        -0.14      0.055     0.016     0         0         0         0         0         0         0         0         0        -0.097    -0.14     -0.01    
   0         1         0         0.2       0.00018  -0.078     0         0         0         0         0         0         0         0         0         0.2      -0.00044  -4.3e-05 
  -1         0         0        -0.017     0.2      -0.14      0         0         0         0         0         0         0         0         0        -0.012     0.18      0.011   

EFC_POS
   0       
   0       
   0       
   0       
   0       
   0       
   0       
   0       
   0       
   0       
   0       
   0       
  -0.0027  
  -0.0055  
   2e-05   
   0       
   0       
  -0.0074  
   0       
   0       
   0       
   0       
   0       
   0.00048 
   0       
   0       
  -0.0074  
   0       
   0       
   0       
   0       
   0       
   0.00099 
   0       
   0       
  -0.00052 
   0       
   0       
   0.00078 
   0       
   0       
  -0.00024 
   0       
   0       

EFC_MARGIN
   0       
   0       
   0       
   0       
   0       
   0       
   0       
   0       
   0       
   0       
   0       
   0       
   0       
   0       
   0.001   
   0       
   0       
   0.001   
   0       
   0       
   0       
   0       
   0       
   0.001   
   0       
   0       
   0.001   
   0       
   0       
   0       
   0       
   0       
   0.001   
   0       
   0       
   0.001   
   0       
   0       
   0.001   
   0       
   0       
   0.001   
   0       
   0       

EFC_FRICTIONLOSS
   0.2     
   0.2     
   0.2     
   0.2     
   0.2     
   0.2     
   0.2     
   0.2     
   0.2     
   0.2     
   0.2     
   0.2     
   0       
   0       
   0       
   0       
   0       
   0       
   0       
   0       
   0       
   0       
   0       
   0       
   0       
   0       
   0       
   0       
   0       
   0       
   0       
   0       
   0       
   0       
   0       
   0       
   0       
   0       
   0       
   0       
   0       
   0       
   0       
   0       

EFC_DIAGAPPROX
   29      
   29      
   80      
   29      
   29      
   80      
   29      
   29      
   80      
   29      
   29      
   80      
   29      
   29      
   1.8     
   0.018   
   0.018   
   1.8     
   0.018   
   0.018   
   28      
   1.1e+02 
   1.1e+02 
   1.8     
   0.018   
   0.018   
   1.8     
   0.018   
   0.018   
   28      
   1.1e+02 
   1.1e+02 
   0.18    
   0.0018  
   0.0018  
   1.8     
   0.018   
   0.018   
   0.18    
   0.0018  
   0.0018  
   1.8     
   0.018   
   0.018   

EFC_KBIP
   0         1.1e+02   0.9       0       
   0         1.1e+02   0.9       0       
   0         1.1e+02   0.9       0       
   0         1.1e+02   0.9       0       
   0         1.1e+02   0.9       0       
   0         1.1e+02   0.9       0       
   0         1.1e+02   0.9       0       
   0         1.1e+02   0.9       0       
   0         1.1e+02   0.9       0       
   0         1.1e+02   0.9       0       
   0         1.1e+02   0.9       0       
   0         1.1e+02   0.9       0       
   2.8e+03   1.1e+02   0.95      0       
   2.8e+03   1.1e+02   0.95      0       
   2.8e+03   1.1e+02   0.95     -4       
   0         1.1e+02   0.95     -4       
   0         1.1e+02   0.95     -4       
   2.5e+03   1e+02     0.3      -68      
   0         1e+02     0.3      -68      
   0         1e+02     0.3      -68      
   0         1e+02     0.3      -68      
   0         1e+02     0.3      -68      
   0         1e+02     0.3      -68      
   2.8e+03   1.1e+02   0.93     -96      
   0         1.1e+02   0.93     -96      
   0         1.1e+02   0.93     -96      
   2.5e+03   1e+02     0.3      -68      
   0         1e+02     0.3      -68      
   0         1e+02     0.3      -68      
   0         1e+02     0.3      -68      
   0         1e+02     0.3      -68      
   0         1e+02     0.3      -68      
   2.8e+03   1.1e+02   0.9      -2       
   0         1.1e+02   0.9      -2       
   0         1.1e+02   0.9      -2       
   2.8e+03   1.1e+02   0.95      0       
   0         1.1e+02   0.95      0       
   0         1.1e+02   0.95      0       
   2.8e+03   1.1e+02   0.9      -44      
   0         1.1e+02   0.9      -44      
   0         1.1e+02   0.9      -44      
   2.8e+03   1.1e+02   0.95      0       
   0         1.1e+02   0.95      0       
   0         1.1e+02   0.95      0       

EFC_D
   0.31    
   0.32    
   0.11    
   0.31    
   0.32    
   0.11    
   0.31    
   0.31    
   0.11    
   0.31    
   0.31    
   0.11    
   0.66    
   0.66    
   11      
   1.1e+03 
   1.1e+03 
   0.25    
   25      
   25      
   0.015   
   0.0038  
   0.0038  
   7.2     
   7.2e+02 
   7.2e+02 
   0.24    
   24      
   24      
   0.015   
   0.0038  
   0.0038  
   50      
   5e+03   
   5e+03   
   11      
   1.1e+03 
   1.1e+03 
   53      
   5.3e+03 
   5.3e+03 
   11      
   1.1e+03 
   1.1e+03 

EFC_R
   3.2     
   3.2     
   8.9     
   3.2     
   3.2     
   8.9     
   3.2     
   3.2     
   8.9     
   3.2     
   3.2     
   8.9     
   1.5     
   1.5     
   0.093   
   0.00093 
   0.00093 
   4.1     
   0.041   
   0.041   
   65      
   2.6e+02 
   2.6e+02 
   0.14    
   0.0014  
   0.0014  
   4.1     
   0.041   
   0.041   
   66      
   2.6e+02 
   2.6e+02 
   0.02    
   0.0002  
   0.0002  
   0.093   
   0.00093 
   0.00093 
   0.019   
   0.00019 
   0.00019 
   0.093   
   0.00093 
   0.00093 

ACTUATOR_VELOCITY
  -0.00068 
  -0.00022 
   0.00028 
  -0.00044 
  -0.00039 
   0.00042 
  -0.00094 
   1.8e-05 
  -0.0032  
  -7.3e-05 
   9.5e-06 
  -0.0051  

CVEL
   0         0         0         0         0         0       
   0.00031  -4.3e-05   5e-05    -2.6e-05   9.3e-05  -3.8e-05 
  -0.00012  -4.1e-05   6.2e-07  -2.8e-05   8.3e-05  -1.8e-05 
  -0.00013  -0.00043   1.4e-05  -1.1e-05   8e-05    -8.2e-05 
  -0.00012  -8.1e-06  -5e-07     5.7e-05   8.3e-05   1e-05   
  -0.00037  -4e-05    -2.7e-05  -2.2e-05   7.7e-05  -7e-05   
  -0.00037  -0.00026  -3.6e-05  -1.2e-05   7.9e-05  -0.00011 
  -0.00037   1.6e-05  -2.5e-05   3.2e-05   7.6e-05  -4.5e-05 
   0.00024  -4.3e-05   4.2e-05  -2.6e-05   9.1e-05  -3.5e-05 
   0.00024  -3.3e-05   4.2e-05  -2.6e-05   9.1e-05  -3.7e-05 
   0.00022  -0.0051    4.8e-06  -0.0009    9.1e-05   0.00043 
  -0.00062  -3.9e-05  -5.6e-05  -2.1e-05   7.1e-05  -8.2e-05 
  -0.00062  -2.2e-05  -5.6e-05  -2.1e-05   7.1e-05  -8.6e-05 
  -0.00064  -0.0032   -2.4e-05  -0.00058   7.7e-05   0.00021 

CDOF_DOT
   0         0         0         0         0         0       
   0         0         0         0         0         0       
   0         0         0         0         0         0       
   0         0        -0         9.5e-06  -3.6e-05  -8.5e-05 
   0         0         0         4e-05     9.2e-08  -2.7e-05 
   0        -0         0         8.5e-05   3.1e-05   9.9e-06 
  -4.7e-06   1.5e-05   4.1e-05   1.1e-05  -2.1e-05  -8.5e-05 
   7.7e-07  -4.2e-06  -0.00012   8.6e-06   1.9e-05  -3.1e-05 
   7.7e-07  -4.2e-06  -0.00012  -1.5e-05   2.9e-05   5.7e-05 
  -4.7e-06   1.5e-05   4.1e-05   7.3e-06  -5e-05    -8.6e-05 
   2.5e-05   1.6e-05  -0.00037   6.6e-05   6.2e-05  -2.1e-05 
   2.5e-05   1.6e-05  -0.00037   5.1e-05   7.5e-05   3.3e-05 
  -4.7e-06   1.5e-05   4.1e-05   1.1e-05  -2.1e-05  -8.5e-05 
  -4.2e-05  -1.6e-06   0.00024   4.5e-05   5.2e-05  -2.6e-05 
  -4.2e-05  -1.6e-06   0.00024   4.1e-05   2.9e-05  -2e-05   
  -4.7e-06   1.5e-05   4.1e-05   7.3e-06  -5e-05    -8.6e-05 
   5.6e-05  -6.4e-06  -0.00062   8.9e-05  -0.00014  -2e-05   
   5.6e-05  -6.4e-06  -0.00062   8.7e-05  -6.7e-05  -1.6e-05 

QFRC_BIAS
  -1.1e-06 
   9.5e-08 
   1.5e+02 
   0.0093  
  -4.1     
   0.032   
   1       
  -0.52    
  -0.33    
  -1       
  -0.52    
  -0.33    
   1.1     
  -0.79    
  -0.3     
  -1.1     
  -0.78    
  -0.29    

QFRC_SPRING
   0       
   0       
   0       
   0       
   0       
   0       
   0       
   0       
   0       
   0       
   0       
   0       
   0       
   0       
   0       
   0       
   0       
   0       

QFRC_DAMPER
   0       
   0       
   0       
   0       
   0       
   0       
   0.00087 
   0.00077 
  -0.00084 
   0.0014  
   0.00044 
  -0.00055 
   0.00015 
  -1.9e-05 
   0.01    
   0.0019  
  -3.5e-05 
   0.0064  

QFRC_GRAVCOMP
   0       
   0       
   0       
   0       
   0       
   0       
   0       
   0       
   0       
   0       
   0       
   0       
   0       
   0       
   0       
   0       
   0       
   0       

QFRC_FLUID
   0       
   0       
   0       
   0       
   0       
   0       
   0       
   0       
   0       
   0       
   0       
   0       
   0       
   0       
   0       
   0       
   0       
   0       

QFRC_PASSIVE
   0       
   0       
   0       
   0       
   0       
   0       
   0.00087 
   0.00077 
  -0.00084 
   0.0014  
   0.00044 
  -0.00055 
   0.00015 
  -1.9e-05 
   0.01    
   0.0019  
  -3.5e-05 
   0.0064  

EFC_VEL
  -0.00044 
  -0.00039 
   0.00042 
  -0.00068 
  -0.00022 
   0.00028 
  -7.3e-05 
   9.5e-06 
  -0.0051  
  -0.00094 
   1.8e-05 
  -0.0032  
   9.5e-06 
   1.8e-05 
  -4.4e-06 
   6e-05   
  -5.9e-05 
  -2.5e-06 
   6e-05   
  -5.9e-05 
  -5e-07   
  -8.1e-06 
   0.00012 
   4.5e-07 
   4.2e-06 
  -2.6e-05 
  -2.9e-06 
  -2.4e-06 
  -2.6e-05 
  -2.5e-05 
   1.6e-05 
   0.00037 
  -9.3e-06 
   0.00013 
   2.5e-05 
   4.3e-05 
   0.00013 
  -3.2e-05 
  -6.3e-06 
  -3.6e-05 
   2.4e-05 
   3.4e-05 
  -3.7e-05 
  -1.1e-05 

EFC_AREF
   0.046   
   0.041   
  -0.044   
   0.072   
   0.023   
  -0.029   
   0.0077  
  -0.001   
   0.53    
   0.099   
  -0.0019  
   0.34    
   7.1     
   14      
   2.6     
  -0.0064  
   0.0062  
   6.4     
  -0.006   
   0.0059  
   5e-05   
   0.00081 
  -0.012   
   1.3     
  -0.00044 
   0.0028  
   6.3     
   0.00024 
   0.0026  
   0.0025  
  -0.0016  
  -0.037   
   0.026   
  -0.014   
  -0.0027  
   4       
  -0.014   
   0.0034  
   0.55    
   0.0037  
  -0.0025  
   3.2     
   0.0039  
   0.0012  

SUBTREE_LINVEL
   0         0         0       
   0         0         0       
   0         0         0       
   0         0         0       
   0         0         0       
   0         0         0       
   0         0         0       
   0         0         0       
   0         0         0       
   0         0         0       
   0         0         0       
   0         0         0       
   0         0         0       
   0         0         0       

SUBTREE_ANGMOM
   0         0         0       
   0         0         0       
   0         0         0       
   0         0         0       
   0         0         0       
   0         0         0       
   0         0         0       
   0         0         0       
   0         0         0       
   0         0         0       
   0         0         0       
   0         0         0       
   0         0         0       
   0         0         0       

ACTUATOR_FORCE
   0       
   0       
   0       
   0       
   0       
   0       
   0       
   0       
   0       
   0       
   0       
   0       

QFRC_ACTUATOR
   0       
   0       
   0       
   0       
   0       
   0       
   0       
   0       
   0       
   0       
   0       
   0       
   0       
   0       
   0       
   0       
   0       
   0       

QFRC_SMOOTH
   1.1e-06 
  -9.5e-08 
  -1.5e+02 
  -0.0093  
   4.1     
  -0.032   
  -1       
   0.52    
   0.33    
   1       
   0.52    
   0.33    
  -1.1     
   0.79    
   0.31    
   1.1     
   0.78    
   0.3     

QACC_SMOOTH
  -0.0018  
  -0.00052 
  -9.8     
  -0.041   
   0.002   
  -0.00053 
   0.055   
   0.03    
  -0.066   
   0.078   
   0.015   
  -0.043   
   0.073   
  -0.14    
   0.69    
   0.083   
  -0.093   
   0.43    

EFC_B
   0.0092  
  -0.011   
  -0.022   
   0.0065  
  -0.0087  
  -0.014   
   0.065   
  -0.14    
   0.16    
  -0.015   
  -0.091   
   0.097   
  -7.3     
  -15      
  -12      
   0.009   
   0.0014  
  -16      
   0.0092  
   0.0016  
   0.0023  
  -0.035   
  -0.0015  
  -11      
   0.0083  
   0.0019  
  -16      
   0.0083  
   0.0019  
   1.2e-05 
  -0.025   
  -0.00039 
  -9.8     
   0.019   
  -0.021   
  -14      
   0.019   
  -0.019   
  -10      
   0.0039  
  -0.012   
  -13      
   0.0039  
  -0.011   

EFC_FORCE
   0.014   
   0.013   
  -0.005   
   0.023   
   0.0073  
  -0.0033  
   0.0024  
  -0.0003  
   0.06    
   0.031   
  -0.00058 
   0.038   
   4.7     
   9.5     
   28      
  -6.8     
   6.6     
   1.6     
  -0.15    
   0.14    
   9e-07   
   3.1e-06 
  -4.7e-05 
   9.6     
  -0.31    
   2       
   1.5     
   0.0059  
   0.064   
   3.8e-05 
  -5.8e-06 
  -0.00014 
   2       
  -1.9     
  -0.37    
   43      
  -15      
   3.7     
   29      
   20      
  -13      
   35      
   4.2     
   1.3     

EFC_STATE
  1
  1
  1
  1
  1
  1
  1
  1
  1
  1
  1
  1
  1
  1
  1
  1
  1
  1
  1
  1
  1
  1
  1
  1
  1
  1
  1
  1
  1
  1
  1
  1
  4
  4
  4
  1
  1
  1
  1
  1
  1
  1
  1
  1

QFRC_CONSTRAINT
   8e-05   
  -2.5e-05 
   1.5e+02 
   0.0093  
  -4.1     
   0.032   
   1       
  -0.52    
  -0.33    
  -1       
  -0.52    
  -0.33    
   1.1     
  -0.79    
  -0.31    
  -1.1     
  -0.78    
  -0.3     

QFRC_INVERSE
   0       
   0       
   0       
   0       
   0       
   0       
   0       
   0       
   0       
   0       
   0       
   0       
   0       
   0       
   0       
   0       
   0       
   0       

CACC
   0         0         0         0         0         0       
   0         0         0         0         0         0       
   0         0         0         0         0         0       
   0         0         0         0         0         0       
   0         0         0         0         0         0       
   0         0         0         0         0         0       
   0         0         0         0         0         0       
   0         0         0         0         0         0       
   0         0         0         0         0         0       
   0         0         0         0         0         0       
   0         0         0         0         0         0       
   0         0         0         0         0         0       
   0         0         0         0         0         0       
   0         0         0         0         0         0       

CFRC_INT
   0         0         0         0         0         0       
   0         0         0         0         0         0       
   0         0         0         0         0         0       
   0         0         0         0         0         0       
   0         0         0         0         0         0       
   0         0         0         0         0         0       
   0         0         0         0         0         0       
   0         0         0         0         0         0       
   0         0         0         0         0         0       
   0         0         0         0         0         0       
   0         0         0         0         0         0       
   0         0         0         0         0         0       
   0         0         0         0         0         0       
   0         0         0         0         0         0       

CFRC_EXT
   0         0         0         0         0         0       
   0         0         0         0         0         0       
   0         0         0         0         0         0       
   0         0         0         0         0         0       
   0         0         0         0         0         0       
   0         0         0         0         0         0       
   0         0         0         0         0         0       
   0         0         0         0         0         0       
   0         0         0         0         0         0       
   0         0         0         0         0         0       
   0         0         0         0         0         0       
   0         0         0         0         0         0       
   0         0         0         0         0         0       
   0         0         0         0         0         0       

